# Created by Octave 3.2.4, Wed Apr 18 22:38:08 2012 ART <paul@michael>
# name: ret_epoch
# type: scalar
2606
