# Created by Octave 3.2.4, Thu Apr 19 15:09:04 2012 ART <paul@michael>
# name: ret_epoch
# type: scalar
766
