# Created by Octave 3.2.4, Wed Apr 18 21:47:07 2012 ART <paul@michael>
# name: ret_epoch
# type: scalar
42
