# Created by Octave 3.2.4, Wed Apr 18 21:47:18 2012 ART <paul@michael>
# name: ret_epoch
# type: scalar
149
