# Created by Octave 3.2.3, Wed Apr 18 17:44:19 2012 ART <guille@guilleliss.local>
# name: ret_epoch
# type: scalar
92
