# Created by Octave 3.2.4, Wed Apr 18 22:01:52 2012 ART <paul@michael>
# name: ret_epoch
# type: scalar
6072
