# Created by Octave 3.2.4, Thu May 03 00:41:22 2012 ART <paul@michael>
# name: w
# type: cell
# rows: 1
# columns: 3
# name: <cell-element>
# type: matrix
# rows: 3
# columns: 6
 0.559442132199144 0.03095090580565411 -0.06033747623684454 1.000774544864978 1.029385300238866 0.5462269516738217
 0.3363397998946747 0.01289041236321348 -0.02292920244341351 0.0137182831597914 0.007097319175701974 -0.3449105257702895
 0.01242087907604227 0.02800843853477969 -0.05986828834404784 1.321582989461544 -1.182425648599826 0.003659795644723981

# name: <cell-element>
# type: matrix
# rows: 7
# columns: 2
 -2.098888309671583 -1.14242324658649
 -0.1018101118964394 -0.07009037254586636
 0.2072628210427444 0.1488481780408725
 1.072951009210247 -0.6350860059738926
 1.417745607616954 -0.9106374070107494
 -1.97691880604631 -1.058647716405059
 0.01089980663770622 -0.4878025760312233

# name: <cell-element>
# type: matrix
# rows: 3
# columns: 1
 1.430638669242026
 -1.253639425370598
 0.001282762020097299

