# Created by Octave 3.2.4, Thu May 03 09:46:00 2012 ART <paul@michael>
# name: w
# type: cell
# rows: 1
# columns: 4
# name: <cell-element>
# type: matrix
# rows: 3
# columns: 36
 4.917745867815369 2.926957224593636 4.244579219747923 2.844783276265231 3.533681377286247 2.064296030748205 2.455912143599168 2.279149645242577 3.796011239176873 2.935551381014139 3.831510887814956 2.759553649965155 2.620913778729652 2.955683898885754 4.641190969382098 4.537258511477051 3.905922177394451 2.194030316412474 4.238507419540354 1.912691392605971 4.7431179701507 3.06230153700522 4.350840852399195 4.195016800444885 3.452193231932935 3.407324057266199 3.952810002705587 2.765865454280119 2.777174034561861 2.629575274961972 4.791830661423599 2.443221564423162 3.058208720683644 2.965057242081439 2.84713789150147 3.550760238405993
 -0.05981391200101646 -2.327884638959507 0.09067108867561498 -0.9341203726597871 -0.04455938318273774 -0.002903707573159384 -1.804620772291771 -0.8454727079642177 0.04735414727532614 0.08427524017003879 -0.01844535672219734 0.02452637806399546 0.09739478036471037 0.0801783188437615 0.05896050162532969 0.03509671005406338 -0.04586809492961531 -1.638029276329911 -0.07446912109293935 0.01788011588843027 -0.1410139826374447 -1.454724178671771 -0.1771231058505709 -0.04477556456784183 0.06044091740218786 0.05437367756894345 0.1691852112112426 0.01742585214648336 -1.140185774240447 0.01400100805836927 -0.1371887632355647 -0.9881523499600514 -0.1234134730990776 -1.305875223693252 0.08143747116780035 0.1203759979463918
 -0.8127112441224246 -0.8596410529862627 -0.7152881999555489 -0.5472902565672332 -0.6610718230658549 -0.1231515886696513 -0.4655532561518351 -0.4770229168931899 -0.808887398309158 -0.4684648948369226 -0.8430803610286399 -0.2916636618440361 -0.443301895867693 -0.4476262692675325 -0.6091034683406283 -1.033329358226715 -0.6741857267451079 -0.2789542598357191 -0.6798071272403932 -0.1863962654366442 -0.6216965359395574 -0.6750199098707652 -0.6938058083174772 -0.980696129808501 -0.5739963092839768 -0.2527948532545401 -0.5059297876602423 -0.05684615075487058 -0.4344359280713609 0.0002773782506573058 -1.133085129211644 -0.2757973267672477 -0.1238525884055157 -0.5865361206162557 -0.4865105135911419 -0.4762939410225521

# name: <cell-element>
# type: matrix
# rows: 37
# columns: 12
 0.6001706291963977 0.2824762311433269 0.6844217859126033 0.6931212763128012 0.6521466154262722 0.6657397599931622 0.3095927027761849 0.2336690636963021 0.7870630891616607 0.3664722675030702 0.4208835061995654 0.649757840545214
 0.1708922128156383 0.02885687463298121 0.2285930965293772 0.5130430295960479 0.2675279355726774 0.07199931887767379 0.4474432168311764 0.08328190566895058 0.966747417920463 0.3192090028677577 0.1941018417988771 -0.2151995753577527
 0.2862103696202736 0.6416721483359845 0.5646501449000292 0.3101304864676191 0.7433312973150819 0.4732385146913134 0.5381162252521574 0.447076840538353 0.7565432863619354 0.4654065884469705 0.5244799184126981 0.6610014626390188
 0.1364081775449326 -0.009536367765749535 0.2671487684458024 0.4079307802833598 0.2186174187460777 -0.1863720732300515 0.05629015531347716 -0.03538302550697291 1.007673103493389 -0.0355081175018787 0.1239281308592962 -0.07971441474769229
 0.5622173441698426 0.1362201888233088 0.02132400695242378 0.2831021917941532 0.2427720831797872 0.2709469698151393 0.4468510451300908 0.1633772270689405 0.8316243080649032 0.1471637818259849 0.3727688797450626 0.3635039498429877
 0.2035388509100977 0.3237624236259193 0.2590919372773937 0.2038634043641644 0.1560682157741399 0.2999960333612647 0.4809305412787102 0.2194733778723119 0.909046626871436 0.3920546878541815 0.4860102804187221 0.6172293014150484
 0.06989149314237737 0.236631134970325 0.1536465876894199 0.1080997187470351 0.2813419162891956 0.0331402849114819 0.2453173902548243 0.1332263719303103 0.7768700177273298 -0.04772399842325454 0.3263474911308341 -0.1918640433407431
 -0.07807412155966412 0.03865090497621205 0.1090248419440665 -0.1622533324232384 -0.000343975334719263 -0.09465656599182112 0.2211919307975806 0.1484646525418873 0.7229393130601772 -0.1247979733350866 0.2082816595866273 -0.01183364327357631
 0.52139329139345 0.492755033730077 0.5262610978972775 0.5392238619572255 0.6295317705811311 0.4003444170303506 0.6053328513836241 0.160340569293493 0.6613753721167644 0.4810371481930737 0.5117737347885197 0.5344795706159986
 0.2705321966267507 0.3636640251341942 0.281493269368032 0.1831321942769887 0.3545132920417961 0.5733202801741574 0.1379876799133569 0.4078992091202497 0.7966547538220384 0.1464172873472495 0.4420232308423988 0.7238833361350165
 0.4192216192069603 0.5872433057706831 0.4692772177593645 0.4530271971459469 0.3751981904539851 0.1896677461835713 0.3440076981152716 0.2352188013958243 0.8072391806212154 0.4495122878678377 0.08268455955299567 0.5249697287767907
 0.288625426068398 0.3376297474570101 0.3551616158094681 0.08576538139975746 0.5886682682896551 0.4014016454647424 0.475530001256137 0.2594470810334621 0.8560989115300346 0.2584271163508833 0.4471089803106434 0.8013675267694079
 0.4292728833042854 0.673242283443621 0.4780679760991107 0.25604164811672 0.4444302873705779 0.5435883117549866 0.2132210919725452 0.2817705170844614 0.8879837666888096 0.1348177967881828 0.5417000194147011 0.5373884200824288
 0.5008009027111218 0.5242597669153956 0.6162747173978093 0.1419996784791967 0.4023211449389187 0.3249140024977397 0.361915394239413 0.09802486292762932 0.6844248625472746 0.09797824744521116 0.4468514619488082 0.7830287198848133
 0.5401716164306034 0.4073404850489695 0.8111217191400704 0.4135478348269865 0.5123035455526964 0.5537292372092539 0.3379533618723136 0.6618790842656497 0.8924685840806248 0.2574505262831002 0.482950685549528 0.8059006024625014
 0.3960642412831253 0.6201186109718227 0.7377986984184156 0.5569130834776937 0.6842898393974796 0.410664978073626 0.6514523495112408 0.1451241598285163 0.7504006244214156 0.1779715473900231 0.6411891191772816 0.6942664979141334
 0.4818546037663722 0.2256926857882182 0.2887802833029852 0.5714222154649301 0.1989589480476885 0.1979024612650867 0.5959301643945055 0.495071851621974 0.9617251190224534 0.3002317379177124 0.2356233338317684 0.690596310439162
 0.06602998198992804 0.07255325471671452 0.2493672426919347 0.1565899370904313 -0.1577909213623492 0.1652731414083546 -0.02741641447631367 0.01021135976959218 0.8880871954547814 0.1966230295544064 0.03367675501199223 -0.03354778764901982
 0.6198589169920203 0.4552691147835793 0.4869959094527299 0.2909058150788999 0.1112148730914853 0.2755116075517979 0.3542002297586825 0.4407440543380702 1.102552569715958 0.516153743589773 0.3844733742474735 0.6891099915972235
 0.1186687623254035 0.2163556264175663 0.0430161542869997 0.1934533125112698 0.226695115866313 0.3586722488303693 -0.01811025877157426 0.06502859776427716 0.7858787894617133 0.3488246279225919 0.06744667765241005 0.5774311371300159
 0.6482002987188811 0.2739042584899926 0.5991236346466694 0.4252035681992292 0.4349138208968275 0.3944742520264393 0.5716909925593758 0.6599832524661534 1.040977010846694 0.7064137460206623 0.7176412299324723 0.5293939890203782
 0.188001503986079 -0.2039097553507481 0.4560714428937997 0.3821352628730209 0.2485675548666378 -0.1319549274613008 0.1288311002431686 0.223196884356049 0.9152507899027585 -0.05276869841172614 0.3805036599121484 -0.01676954540182742
 0.26815566603903 0.421903850379076 0.6461256739533532 0.2776104109885663 0.5868782034665676 0.4104518122664267 0.3654193046697552 0.3627469035679324 0.9916082699125602 0.3891109175368986 0.5044784371459513 0.303508274320908
 0.411845784367543 0.3374691050605774 0.4289439539849543 0.2435404942480169 0.5838176688752045 0.5057874689428021 0.4771062005566765 0.2087565124622659 0.9695902284346956 0.1208589649477414 0.3296015403729913 0.386507731331284
