# Created by Octave 3.2.3, Wed Apr 25 12:49:33 2012 ART <guille@labu50.unix.lab>
# name: w
# type: cell
# rows: 1
# columns: 3
# name: <cell-element>
# type: matrix
# rows: 3
# columns: 10
 1.568546404378087 0.6931768489877346 1.222625792263699 1.036556915145098 0.1942124794643968 1.208373872029106 1.062805124243484 0.7997773664493952 1.322102724063057 0.6376416432358528
 -1.67269667480168 1.171061458984006 -0.3794101949812347 -0.3399863829067865 0.06997074424105831 0.3759711719341716 0.8741030495410712 -0.4407437115233604 1.628206946887082 0.1697182914654982
 -0.04649597507759048 0.05292421692322891 -0.2502492119898162 0.3880459843548746 0.7778945241723731 0.05286904903284977 0.1213289882658385 -0.06327726930376629 0.05346897302664028 0.1130671187240417

# name: <cell-element>
# type: matrix
# rows: 11
# columns: 8
 0.4312139304430499 1.359079485335225 0.3932232276537879 0.9572790982953452 0.9986807025328921 0.3776905596086549 0.5306273098404215 2.570917006030156
 0.7680986843342037 0.06521585978922625 0.9291588651915843 0.6962640894708403 0.8628343848591234 1.393489239005124 0.03998586310845898 -0.1828240282116858
 0.4186408410497326 1.316879647706634 0.2968156780276571 0.9819489359895186 0.1990792001753325 0.4896157480333135 0.001443776227166523 1.321401618729299
 0.7686789734985042 0.8156519926347989 0.3481208222702912 0.7483937001791836 0.7702318999952681 0.0682382234697187 0.7779794939199293 0.8815721441197141
 1.024830542706152 0.657294680085177 0.1776560853834777 0.02689889477079673 0.8770858548675136 0.5696423547915382 0.618263260426629 0.2449139718940122
 0.7983092933541245 1.321767355059846 0.8640595395069983 1.039438347574948 0.002889134882949842 0.6808445812214112 0.2082199237100342 0.2385568876507368
 0.5142384800979798 1.099669570852992 0.8363923870585251 0.8205454631121646 0.1051592931654948 1.387712442740126 0.345600269220405 -0.2431022260545561
 0.7850366753797701 1.23689142412777 0.7884210491285597 0.7368496835109049 0.4464276736542817 -0.156519413743573 0.6839251734066349 1.204878766646865
 0.6153008110232684 1.173840107772666 0.4131801179421026 0.3714351580530141 0.6496322484249535 2.150604450189573 0.811047049961833 -0.2285458321640102
 0.4424788877588433 0.7796342944071201 0.6477759073900615 0.3053244974692678 0.4028055847791399 0.4354418540589278 0.6856039713348963 0.3720901502234576
 0.764975266611167 -0.3722068709467167 0.88756154361576 -0.1519679346573378 1.200402308274437 -0.3621008013076141 0.98950254400062 -0.03835622272612386

# name: <cell-element>
# type: matrix
# rows: 9
# columns: 1
 0.2689274055350875
 2.843100437866407
 0.02873388172644517
 0.4257137565834508
 -0.2490951591419985
 -1.950304585247648
 -0.1338394892435558
 -1.766327185013865
 0.1358188465442224

