# Created by Octave 3.2.4, Wed May 02 12:24:19 2012 ART <paul@michael>
# name: w
# type: matrix
# rows: 0
# columns: 0
