# Created by Octave 3.2.4, Thu May 03 01:05:38 2012 ART <paul@michael>
# name: w
# type: cell
# rows: 1
# columns: 3
# name: <cell-element>
# type: matrix
# rows: 3
# columns: 12
 0.5890696080324889 -0.02680037775853998 0.5410718486419568 0.6233191235941551 1.108802534019072 -0.02016416041990398 0.02820034076682548 0.03327874161502907 0.5160032373434161 0.516410475209354 0.6682166263569828 0.5265838518024135
 0.04582714649025585 0.05315503458597526 -0.3465775254352269 0.03808954442205322 -0.01973010392563396 -0.01074495907863292 0.01404551293151495 -0.03098278207396563 0.2937954873806242 0.06623640778819082 0.07862122132547186 0.3071757275607239
 1.195081576680538 0.00343506889352167 0.01274670980319616 0.2209815775352401 -1.267339047358135 0.0102480371693168 0.1384590533162026 0.1795104918272954 0.05889496399719051 0.2498731869854272 -0.08257497934937839 0.05205973882157461

# name: <cell-element>
# type: matrix
# rows: 13
# columns: 12
 0.2273699982666793 0.03738904915127667 0.3026169435055259 -0.1781315849036743 0.09050336701679572 0.9652828620685266 0.1353274596851221 -0.3117086031350912 0.1351103763535155 -0.4655915140642881 0.173821843859803 -0.1853931425832041
 -0.2617897063854843 0.1317925125192631 -0.2687572600944737 -0.3525706265118844 0.03748089745456464 0.07496611334424889 0.05865474974377162 -0.005387222945714429 -0.1518359999906716 -0.001873977967951131 -0.03705839167035999 0.05358907787149577
 -0.7227496402887836 0.08697175996650484 -1.132393957417783 0.7003171609631273 -0.4029850485275882 0.773496688668136 -0.9252317751027013 0.3812430096767018 -0.02461390170137779 2.230940879711572 1.391461407666215 0.584039463010524
 0.3339474437663105 -0.1638495866266927 0.3189191038308863 -0.1666535251267876 -0.05332023396684131 -0.158648351523245 0.2824198952522875 -0.1309951709564968 0.1174770861209756 -0.6569516759132644 -0.3493751261243648 0.02287473692749917
 0.4927317443958745 -0.007425556157465013 0.08879174562480083 -0.3680208914552568 0.2008133674383674 0.59235598701739 0.5957844058342567 -0.2545157451025684 0.1070586698515364 -1.217037038398596 -1.251747511418424 -0.1309810706680535
 0.0008386829613593117 -0.2145670467578966 0.008306067297830575 0.1393549069119235 0.1331443555193106 0.1080794898637955 -0.1265713547059242 0.1404420900798297 0.07928005555078327 -0.02857799604966792 0.1184917427710523 0.1961139660450588
 -0.03607027209786349 0.07674224535116903 -0.3810009775300814 -0.05988365850383364 0.05365776777321823 0.2682490177410862 0.07006893526567333 0.08053549032134719 -0.004172526063787134 0.05198026480029337 0.2016690575657789 0.1644005564590449
 -0.07150160198557508 0.09869352340172001 -0.1661535545759277 -0.04893543290040531 0.279734584602271 0.3344419815495847 -0.003237732418011372 0.1875256812075347 -0.1966176214558195 0.1842662506532722 0.3210324228113453 -0.03840102300610099
 -0.3553772871649641 0.20356708371812 -0.546736180712055 0.5006833956673183 -0.06966124842427313 0.3408226838794858 -0.4724489007118983 0.2485646151761344 -0.05644991153976111 1.379807705387504 0.9831777636464827 0.1979665932314518
 0.1261476417422785 -0.154004941133537 0.204863201767461 -0.2973884682586342 0.2510638647187435 0.1016738172768152 0.2680898141813113 -0.0871811432989943 -0.1628336824802844 -0.2662827576345129 -0.07576094519736484 -0.3175752508559966
 0.0135645453374689 0.0487080382507852 0.2009598852146381 -0.1130099123076625 0.1283774371242854 0.1212796268530233 0.1259835337253851 0.1411058050547466 -0.1771588851389047 -0.4458960784650053 -0.4343457528186543 -0.356976637992168
 -0.4810682716760831 -0.1555267980880156 -0.6790163924789004 0.2484817108777751 -0.3520706870350411 0.3598698188714244 -0.5534456964066302 0.2577029448591632 -0.04746684137994071 1.36401954691129 0.8967880539227623 0.4148040075696571
 0.07178703394998583 -0.01620181276442418 0.1884099812200933 -0.02532096625074246 -0.04108109747667747 0.3390972458297296 0.09797591176419151 0.003940667697961068 0.01891625688995946 0.01277322478132258 -0.08512547101390203 -0.03263686417154265

# name: <cell-element>
# type: matrix
# rows: 13
# columns: 1
 -0.02167767990700768
 -0.06925548517490145
 0.2722616756111759
 -0.01300917583037894
 -0.0003874222685546639
 1.594471470381508
 0.06361174183719859
 0.1164634208512327
 -0.0952593212390509
 -0.9962872462458748
 -0.5524843076741395
 -0.03378231663616618
 -0.035126204352742

