# Created by Octave 3.2.4, Tue Jun 12 11:46:10 2012 ART <paul@michael>
# name: population
# type: cell
# rows: 1
# columns: 5
# name: <cell-element>
# type: matrix
# rows: 1
# columns: 25
 -1.150082588263998 -0.1117009210778814 -0.06078710400804234 -0.5063000622252061 -0.2897201498471235 -0.964120318257579 0.3589920722745497 -0.4555939180980318 -0.1394068136809549 -0.6963075236971686 -0.812045601759298 -0.1450241455218639 -0.2025206121696312 -0.1059543844345499 -0.2137046222643429 0.2412713855555421 -0.03745108812186136 -1.039820804959705 -0.241593968845338 -0.5129034845798782 0.7649219087202809 -0.1190248646284313 0.08326111557026525 0.5172191003769671 0.06847516963987821

# name: <cell-element>
# type: matrix
# rows: 1
# columns: 25
 -1.150082588263998 -0.1117009210778814 -0.06078710400804234 -0.5063000622252061 -0.2897201498471235 -0.964120318257579 0.3589920722745497 -0.4555939180980318 -0.1394068136809549 -0.6963075236971686 -0.812045601759298 -0.1450241455218639 -0.2025206121696312 -0.1059543844345499 -0.2137046222643429 0.2412713855555421 -0.03745108812186136 -1.039820804959705 -0.241593968845338 -0.5129034845798782 0.7649219087202809 -0.1190248646284313 0.08326111557026525 0.5172191003769671 0.06847516963987821

# name: <cell-element>
# type: matrix
# rows: 1
# columns: 25
 -0.2956082388048388 -0.2575551785173322 -0.5405252011478776 -0.1569999761039993 -0.8852203299837027 -0.9862541023383895 -0.3068051316729302 -0.2406722228316441 -0.173462974500988 -0.2156309794775786 -0.304246868011033 -0.2659597303678526 -0.5223087391281394 -0.6380160395853838 -0.1502978323135069 -0.6257749443709064 -0.9429924222594093 -0.3451805766180041 -0.9736193725507604 -0.441737640586178 -0.6066714994494042 -0.8001469586997831 -0.3220109518705722 -0.3861705376892293 -0.2073811618557445

# name: <cell-element>
# type: matrix
# rows: 1
# columns: 25
 -1.150082588263998 -0.1117009210778814 -0.06078710400804234 -0.5063000622252061 -0.2897201498471235 -0.964120318257579 0.3589920722745497 -0.4555939180980318 -0.1394068136809549 -0.6963075236971686 -0.812045601759298 -0.1450241455218639 -0.2025206121696312 -0.1059543844345499 -0.2137046222643429 0.2412713855555421 -0.03745108812186136 -1.039820804959705 -0.241593968845338 -0.5129034845798782 0.7649219087202809 -0.1190248646284313 0.08326111557026525 0.5172191003769671 0.06847516963987821

# name: <cell-element>
# type: matrix
# rows: 1
# columns: 25
 -1.150082588263998 -0.1117009210778814 -0.06078710400804234 -0.5063000622252061 -0.2897201498471235 -0.964120318257579 0.3589920722745497 -0.4555939180980318 -0.1394068136809549 -0.6963075236971686 -0.812045601759298 -0.1450241455218639 -0.2025206121696312 -0.1059543844345499 -0.2137046222643429 0.2412713855555421 -0.03745108812186136 -1.039820804959705 -0.241593968845338 -0.5129034845798782 0.7649219087202809 -0.1190248646284313 0.08326111557026525 0.5172191003769671 0.06847516963987821

