# Created by Octave 3.2.4, Mon Jun 11 19:35:31 2012 ART <paul@michael>
# name: population
# type: cell
# rows: 1
# columns: 20
# name: <cell-element>
# type: matrix
# rows: 1
# columns: 13
 -0.4001969379422501 -0.01471554294494304 -0.8253989031777555 -0.5745225366184985 -0.06469866870095065 -0.3425949586963525 -0.5012542695179234 -0.5766685068987869 -0.6900461019007418 -0.1442423143870828 -0.3610588442322019 -0.006798098657242013 -0.5816024898145689

# name: <cell-element>
# type: matrix
# rows: 1
# columns: 13
 -0.1601488375986568 -0.2564430728766427 -0.3235819803159639 -0.1566678507042726 -0.6382926732397889 -0.2698875818229141 -0.5012542695179234 -0.5766685068987869 -0.6900461019007418 -0.1442423143870828 -0.3610588442322019 -0.006798098657242013 -0.5816024898145689

# name: <cell-element>
# type: matrix
# rows: 1
# columns: 13
 -0.1601488375986568 -0.2564430728766427 -0.3235819803159639 -0.1566678507042726 -0.6382926732397889 -0.2698875818229141 -0.1750617416121887 -0.03395497915622536 -0.6120546795325339 -0.2358291071294776 -0.02008954267373009 -0.3178788722925379 -0.45080765675134

# name: <cell-element>
# type: matrix
# rows: 1
# columns: 13
 -0.4001969379422501 -0.01471554294494304 -0.8253989031777555 -0.5745225366184985 -0.06469866870095065 -0.3425949586963525 -0.1750617416121887 -0.03395497915622536 -0.6120546795325339 -0.1771798367681726 -0.2836060752777412 -0.04638425272792934 -0.343994534417014

# name: <cell-element>
# type: matrix
# rows: 1
# columns: 13
 -0.1601488375986568 -0.2564430728766427 -0.3235819803159639 -0.1566678507042726 -0.6382926732397889 -0.2698875818229141 -0.1750617416121887 -0.03395497915622536 -0.6120546795325339 -0.1771798367681726 -0.2836060752777412 -0.04638425272792934 -0.343994534417014

# name: <cell-element>
# type: matrix
# rows: 1
# columns: 13
 -0.1601488375986568 -0.2564430728766427 -0.3235819803159639 -0.1566678507042726 -0.6382926732397889 -0.2698875818229141 -0.1750617416121887 -0.03395497915622536 -0.6120546795325339 -0.1771798367681726 -0.2836060752777412 -0.04638425272792934 -0.343994534417014

# name: <cell-element>
# type: matrix
# rows: 1
# columns: 13
 -0.1033372873269289 -0.2130858897151399 -0.8146693107560514 -0.5844488218741699 -0.7966854215004455 -0.9502915220399911 -0.6290320301144325 -0.8155705204325305 -0.7837558776431621 -0.2358291071294776 -0.02008954267373009 -0.3178788722925379 -0.45080765675134

# name: <cell-element>
# type: matrix
# rows: 1
# columns: 13
 -0.1033372873269289 -0.2130858897151399 -0.8146693107560514 -0.5844488218741699 -0.7966854215004455 -0.9502915220399911 -0.6290320301144325 -0.8155705204325305 -0.7837558776431621 -0.2358291071294776 -0.02008954267373009 -0.3178788722925379 -0.45080765675134

# name: <cell-element>
# type: matrix
# rows: 1
# columns: 13
 -0.1033372873269289 -0.2130858897151399 -0.8146693107560514 -0.5844488218741699 -0.7966854215004455 -0.9502915220399911 -0.6290320301144325 -0.8155705204325305 -0.7837558776431621 -0.2358291071294776 -0.02008954267373009 -0.3178788722925379 -0.45080765675134

# name: <cell-element>
# type: matrix
# rows: 1
# columns: 13
 -0.1033372873269289 -0.2130858897151399 -0.8146693107560514 -0.5844488218741699 -0.7966854215004455 -0.9502915220399911 -0.6290320301144325 -0.8155705204325305 -0.7837558776431621 -0.1771798367681726 -0.2836060752777412 -0.04638425272792934 -0.343994534417014

# name: <cell-element>
# type: matrix
# rows: 1
# columns: 13
 -0.101714387404983 -0.8163422294188829 -0.02712582613969317 -0.550330071524316 -0.04665517460013602 -0.3083472345190295 -0.2224807193303842 -0.129272617219312 -0.2861940268883068 -0.1289609230033445 -0.6376974553928116 -0.7894807543634779 -0.9418401032589562

# name: <cell-element>
# type: matrix
# rows: 1
# columns: 13
 -0.101714387404983 -0.8163422294188829 -0.02712582613969317 -0.550330071524316 -0.04665517460013602 -0.3083472345190295 -0.2224807193303842 -0.129272617219312 -0.2861940268883068 -0.1289609230033445 -0.6376974553928116 -0.7894807543634779 -0.9418401032589562

# name: <cell-element>
# type: matrix
# rows: 1
# columns: 13
 -0.101714387404983 -0.8163422294188829 -0.02712582613969317 -0.550330071524316 -0.1165896118383942 -0.5602941311067982 -0.2224807193303842 -0.129272617219312 -0.2861940268883068 -0.1289609230033445 -0.6376974553928116 -0.7894807543634779 -0.9418401032589562

# name: <cell-element>
# type: matrix
# rows: 1
# columns: 13
 -0.5799007242877641 -0.1118947198903218 -0.4249935365629751 -0.6722555168400322 -0.04665517460013602 -0.3083472345190295 -0.2224807193303842 -0.129272617219312 -0.2861940268883068 -0.1289609230033445 -0.6376974553928116 -0.7894807543634779 -0.9418401032589562

# name: <cell-element>
# type: matrix
# rows: 1
# columns: 13
 -0.101714387404983 -0.8163422294188829 -0.02712582613969317 -0.550330071524316 -0.1165896118383942 -0.5602941311067982 -0.5572571697918989 -0.1841501177563309 -0.7133023734533042 -0.8107492823709439 -0.8040616558928271 -0.04391564600432829 -0.9576377684905548

# name: <cell-element>
# type: matrix
# rows: 1
# columns: 13
 -0.7226124517388952 -0.1755224159067443 -0.02610075945841295 -0.7888611410078366 -0.3725297874107517 -0.4008274053951202 -0.02862257981405036 -0.02702751033412365 -0.453936612364739 -0.03480979447094001 -0.3489371844376062 -0.1963020655997075 -0.1085542789638683

# name: <cell-element>
# type: matrix
# rows: 1
# columns: 13
 -0.7226124517388952 -0.1755224159067443 -0.02610075945841295 -0.7888611410078366 -0.3725297874107517 -0.4008274053951202 -0.02862257981405036 -0.02702751033412365 -0.453936612364739 -0.03480979447094001 -0.3489371844376062 -0.1963020655997075 -0.1085542789638683

# name: <cell-element>
# type: matrix
# rows: 1
# columns: 13
 -0.7226124517388952 -0.1755224159067443 -0.02610075945841295 -0.7888611410078366 -0.3725297874107517 -0.4008274053951202 -0.02862257981405036 -0.02702751033412365 -0.453936612364739 -0.03480979447094001 -0.3489371844376062 -0.1963020655997075 -0.1085542789638683

# name: <cell-element>
# type: matrix
# rows: 1
# columns: 13
 -0.7226124517388952 -0.1755224159067443 -0.02610075945841295 -0.7888611410078366 -0.3725297874107517 -0.4008274053951202 -0.02862257981405036 -0.02702751033412365 -0.453936612364739 -0.03480979447094001 -0.3489371844376062 -0.1963020655997075 -0.1085542789638683

# name: <cell-element>
# type: matrix
# rows: 1
# columns: 13
 -0.3068511121859264 -0.6599187896239056 -0.4386797761151285 -0.5706594398565812 -0.7819076614498892 -0.443979649198546 -0.3339599540701936 -0.04922473096044466 -0.2204640952012334 -0.3744428515394628 -0.7186778159578402 -0.4722900783740592 -0.9684111460005309

