# Created by Octave 3.2.4, Tue Apr 17 12:11:55 2012 ART <paul@michael>
# name: w
# type: cell
# rows: 1
# columns: 2
# name: <cell-element>
# type: matrix
# rows: 4
# columns: 3
 0.02520441532670297 0.008396917756649525 0.001749378271424157
 -0.0007222366640593069 -0.009167178958657318 -0.002752227145785734
 -0.001050151627987642 0.01443903060382456 -0.03266434709030811
 -0.01643692657440258 -0.001308937597369817 0.001556485976772472

# name: <cell-element>
# type: matrix
# rows: 4
# columns: 1
 0.03084774692688916
 0.1442081468455076
 0.0008392138424660744
 0.02794507610747485

