# Created by Octave 3.2.4, Tue Apr 17 10:11:35 2012 ART <paul@michael>
# name: w
# type: cell
# rows: 1
# columns: 2
# name: <cell-element>
# type: matrix
# rows: 5
# columns: 9
 0.02251794919159599 0.08386419446074789 -0.02609464333145296 -0.05984735162745046 0.02466178554184997 0.02616640968533206 -0.03936189777632534 0.04636843260262621 0.02015896889843095
 0.03104355350549026 -0.0343246993288708 -0.01090562437259674 -0.004979842873394353 -0.01368696924586711 -0.01675936236487275 0.009630668856506239 0.02941599504960821 -0.003769492928243419
 -0.001862364729619198 0.02735867323319896 0.01223768638998516 -0.02417123557731555 0.004093230317636691 0.01872860233683717 -0.009740535693808689 -0.02826264574923854 0.006947521245809394
 0.004967472077476769 -0.06310692362593256 0.02858438040448792 0.03136429383155258 0.003931277415448318 -0.03156411946682852 0.06102037846681416 -0.02938268494033325 -0.0250675021598849
 -0.02191383330307257 -0.05063058400218141 0.01248792503374541 -0.002978291024312603 -0.04729155308193968 0.01544115680901172 0.02149609589611006 0.02902922057844365 0.001952771927620372

# name: <cell-element>
# type: matrix
# rows: 10
# columns: 1
 0.06326486448898905
 0.1833049514755529
 -0.0256436720927927
 0.04477618335146902
 0.107936742728744
 -0.1380773291405077
 -0.1090486970146025
 -0.0312603408012779
 -0.08413531024324578
 0.4523230720727884

