# Created by Octave 3.2.4, Tue Apr 17 10:19:10 2012 ART <paul@michael>
# name: w
# type: cell
# rows: 1
# columns: 2
# name: <cell-element>
# type: matrix
# rows: 6
# columns: 11
 -0.01382372977247679 0.008965741155769872 0.06753552411213445 -0.01541115471085037 -0.01759269889366341 -0.06510052531474955 -0.07127105622959874 -0.03853410005652459 0.01853034312077634 -0.02370723510373327 0.02532103505701434
 0.03196807529983774 0.006563401282809799 -0.01623509273299421 -0.02267955705964558 -0.03215803037908532 0.006709757933790569 0.03940819451399896 -0.0273157527976044 0.003877400311428324 -0.0190369867802028 -0.00792876511358185
 -0.04196933801401436 -0.05460061239249069 0.04309291342601562 -0.05022858941751725 -0.01456773552806273 -0.01160182576994133 -0.06532518781991727 0.02524577572546407 -0.005314208973153735 0.02042224720864129 0.01044086552353598
 0.009909147462261139 0.02151929010497926 0.002918303488341219 0.006562368389542847 -0.004460740115065672 -0.006584141793228665 -0.002523237864055138 0.01784578670186058 0.009152711892241514 0.002052314470346379 -0.04173479213138832
 0.0810513605782749 0.03063579904002798 -0.007253606357471007 0.03939194367747386 0.003150040284031547 -0.02453790425170351 0.01115462515743166 -0.04614167165643435 0.01295362212092128 -0.07050846912097233 -0.003398911951480989
 -0.01828603873955199 -0.04219640816558042 -0.03067565278033444 -0.01645392606301462 -0.03551300423688665 0.01156545198661719 0.04956481764826168 0.02319358290526403 0.03369073536558778 0.02532210527518478 -0.06943191760770404

# name: <cell-element>
# type: matrix
# rows: 12
# columns: 1
 -0.06743073180157405
 -0.08302468931581253
 0.0253083710392292
 -0.140193289258852
 -0.1441487652215634
 -0.1272670009633781
 -0.06732343836857618
 0.09259017197786862
 0.07108892629856883
 -0.03456021569930554
 0.00669203449504005
 0.5296984867892818

