# Created by Octave 3.2.4, Tue Apr 17 10:07:59 2012 ART <paul@michael>
# name: w
# type: cell
# rows: 1
# columns: 2
# name: <cell-element>
# type: matrix
# rows: 4
# columns: 7
 0.02455680647104037 0.006374044324115123 -0.1281784348118279 -0.01108754634655764 -0.2924451183419896 -0.3243604215114471 -0.2916494233724611
 -0.3663306900997926 0.01221862372689589 -0.1220279836326561 -0.01079228116050412 -0.4422540737325285 -0.1066256588767606 -0.4113760175652026
 -0.01920130663163536 -0.004068022277753574 -0.1266978764239454 -0.1879368128805823 -0.467484423889428 0.09046654088032156 -0.224030384109057
 -0.3567998457735543 -0.002511676802531119 -0.1235624210031832 -0.159492352831698 -0.3130000637060364 -0.4265015460547645 0.1355309648873727

# name: <cell-element>
# type: matrix
# rows: 8
# columns: 1
 -0.01193755589481096
 -0.0672327765477963
 -0.0455838467558746
 0.0191634788361402
 -0.008093444298187674
 0.1249277795132311
 -0.05591759709300254
 0.07729724903065449

