# Created by Octave 3.2.4, Tue Apr 17 10:07:52 2012 ART <paul@michael>
# name: w
# type: cell
# rows: 1
# columns: 2
# name: <cell-element>
# type: matrix
# rows: 3
# columns: 5
 0.04142408004628739 -0.9477624156554393 -0.4144257852113793 0.06823293238225775 -0.5062329507874974
 -0.5388185037186966 -0.04416812319049894 -0.2212452089490034 0.08678710887789465 -0.5687805485646704
 -0.8905859127358473 -0.3963529530085604 -0.3850927301139826 -0.03936440033014441 -0.4804625375210567

# name: <cell-element>
# type: matrix
# rows: 6
# columns: 1
 -0.508526090892228
 0.3014037552147237
 -0.4240536970318675
 -0.2517414353211616
 -0.2411952319259949
 -0.7033301004242274

