# Created by Octave 3.2.4, Wed Apr 18 23:55:43 2012 ART <paul@michael>
# name: ret_epoch
# type: scalar
21
