# Created by Octave 3.2.4, Wed Apr 18 05:00:41 2012 ART <paul@michael>
# name: ret_epoch
# type: scalar
4628
