# Created by Octave 3.2.4, Wed Apr 18 22:14:33 2012 ART <paul@michael>
# name: ret_epoch
# type: scalar
2819
