# Created by Octave 3.2.3, Wed Apr 18 20:32:39 2012 ART <guille@guilleliss.local>
# name: ret_epoch
# type: scalar
3353
