# Created by Octave 3.2.0, Tue Jun 12 00:07:48 2012 ART <pballest@labu35.unix.lab.>
# name: population
# type: cell
# rows: 1
# columns: 130
# name: <cell-element>
# type: matrix
# rows: 1
# columns: 25
 -0.750016517314828 -0.01179126860441529 -1.054012701368774 -0.5240137353578816 0.007407412143686573 0.2982004418372587 -0.4825774185660618 -0.3368942698219706 -0.02835404927942419 0.4692523618629574 -0.309888160913281 -0.008353716477562303 -0.02226059862726697 1.082652543870757 -0.7229347534869189 0.7022268676959563 0.01701236255017792 -0.5622313627817858 -1.032625631325921 0.6513937130522082 -0.7551761068418265 0.5646656097741786 -0.3358868928145784 0.7469124270424969 -0.8763659658560246

# name: <cell-element>
# type: matrix
# rows: 1
# columns: 25
 -0.750016517314828 -0.01179126860441529 -1.054012701368774 -0.5240137353578816 0.007407412143686573 0.2982004418372587 -0.4825774185660618 -0.3368942698219706 -0.02835404927942419 0.4692523618629574 -0.309888160913281 -0.008353716477562303 -0.02226059862726697 1.082652543870757 -0.7229347534869189 0.7022268676959563 0.01701236255017792 -0.5622313627817858 -1.032625631325921 0.6513937130522082 -0.7551761068418265 0.5646656097741786 -0.3358868928145784 0.7469124270424969 -0.8763659658560246

# name: <cell-element>
# type: matrix
# rows: 1
# columns: 25
 -0.750016517314828 -0.01179126860441529 -1.054012701368774 -0.5240137353578816 0.007407412143686573 0.2982004418372587 -0.4825774185660618 -0.3368942698219706 -0.02835404927942419 0.4692523618629574 -0.309888160913281 -0.008353716477562303 -0.02226059862726697 1.082652543870757 -0.7229347534869189 0.7022268676959563 0.01701236255017792 -0.5622313627817858 -1.032625631325921 0.6513937130522082 -0.7551761068418265 0.5646656097741786 -0.3358868928145784 0.7469124270424969 -0.8763659658560246

# name: <cell-element>
# type: matrix
# rows: 1
# columns: 25
 -0.750016517314828 -0.01179126860441529 -1.054012701368774 -0.5240137353578816 0.007407412143686573 0.2982004418372587 -0.4825774185660618 -0.3368942698219706 -0.02835404927942419 0.4692523618629574 -0.309888160913281 -0.008353716477562303 -0.02226059862726697 1.082652543870757 -0.7229347534869189 0.7022268676959563 0.01701236255017792 -0.5622313627817858 -1.032625631325921 0.6513937130522082 -0.7551761068418265 0.5646656097741786 -0.3358868928145784 0.7469124270424969 -0.8763659658560246

# name: <cell-element>
# type: matrix
# rows: 1
# columns: 25
 -0.750016517314828 -0.01179126860441529 -1.054012701368774 -0.5240137353578816 0.007407412143686573 0.2982004418372587 -0.4825774185660618 -0.3368942698219706 -0.02835404927942419 0.4692523618629574 -0.309888160913281 -0.008353716477562303 -0.02226059862726697 1.082652543870757 -0.7229347534869189 0.7022268676959563 0.01701236255017792 -0.5622313627817858 -1.032625631325921 0.6513937130522082 -0.7551761068418265 0.5646656097741786 -0.3358868928145784 0.7469124270424969 -0.8763659658560246

# name: <cell-element>
# type: matrix
# rows: 1
# columns: 25
 -0.750016517314828 -0.01179126860441529 -1.054012701368774 -0.5240137353578816 0.007407412143686573 0.2982004418372587 -0.4825774185660618 -0.3368942698219706 -0.02835404927942419 0.4692523618629574 -0.309888160913281 -0.008353716477562303 -0.02226059862726697 1.082652543870757 -0.7229347534869189 0.7022268676959563 0.01701236255017792 -0.5622313627817858 -1.032625631325921 0.6513937130522082 -0.7551761068418265 0.5646656097741786 -0.3358868928145784 0.7469124270424969 -0.8763659658560246

# name: <cell-element>
# type: matrix
# rows: 1
# columns: 25
 -0.750016517314828 -0.01179126860441529 -1.054012701368774 -0.5240137353578816 0.007407412143686573 0.2982004418372587 -0.4825774185660618 -0.3368942698219706 -0.02835404927942419 0.4692523618629574 -0.309888160913281 -0.008353716477562303 -0.02226059862726697 1.082652543870757 -0.7229347534869189 0.7022268676959563 0.01701236255017792 -0.5622313627817858 -1.032625631325921 0.6513937130522082 -0.7551761068418265 0.5646656097741786 -0.3358868928145784 0.7469124270424969 -0.8763659658560246

# name: <cell-element>
# type: matrix
# rows: 1
# columns: 25
 -0.750016517314828 -0.01179126860441529 -1.054012701368774 -0.5240137353578816 0.007407412143686573 0.2982004418372587 -0.4825774185660618 -0.3368942698219706 -0.02835404927942419 0.4692523618629574 -0.309888160913281 -0.008353716477562303 -0.02226059862726697 1.082652543870757 -0.7229347534869189 0.7022268676959563 0.01701236255017792 -0.5622313627817858 -1.032625631325921 0.6513937130522082 -0.7551761068418265 0.5646656097741786 -0.3358868928145784 0.7469124270424969 -0.8763659658560246

# name: <cell-element>
# type: matrix
# rows: 1
# columns: 25
 -0.750016517314828 -0.01179126860441529 -1.054012701368774 -0.5240137353578816 0.007407412143686573 0.2982004418372587 -0.4825774185660618 -0.3368942698219706 -0.02835404927942419 0.4692523618629574 -0.309888160913281 -0.008353716477562303 -0.02226059862726697 1.082652543870757 -0.7229347534869189 0.7022268676959563 0.01701236255017792 -0.5622313627817858 -1.032625631325921 0.6513937130522082 -0.7551761068418265 0.5646656097741786 -0.3358868928145784 0.7469124270424969 -0.8763659658560246

# name: <cell-element>
# type: matrix
# rows: 1
# columns: 25
 -0.750016517314828 -0.01179126860441529 -1.054012701368774 -0.5240137353578816 0.007407412143686573 0.2982004418372587 -0.4825774185660618 -0.3368942698219706 -0.02835404927942419 0.4692523618629574 -0.309888160913281 -0.008353716477562303 -0.02226059862726697 1.082652543870757 -0.7229347534869189 0.7022268676959563 0.01701236255017792 -0.5622313627817858 -1.032625631325921 0.6513937130522082 -0.7551761068418265 0.5646656097741786 -0.3358868928145784 0.7469124270424969 -0.8763659658560246

# name: <cell-element>
# type: matrix
# rows: 1
# columns: 25
 -0.750016517314828 -0.01179126860441529 -1.054012701368774 -0.5240137353578816 0.007407412143686573 0.2982004418372587 -0.4825774185660618 -0.3368942698219706 -0.02835404927942419 0.4692523618629574 -0.309888160913281 -0.008353716477562303 -0.02226059862726697 1.082652543870757 -0.7229347534869189 0.7022268676959563 0.01701236255017792 -0.5622313627817858 -1.032625631325921 0.6513937130522082 -0.7551761068418265 0.5646656097741786 -0.3358868928145784 0.7469124270424969 -0.8763659658560246

# name: <cell-element>
# type: matrix
# rows: 1
# columns: 25
 -0.750016517314828 -0.01179126860441529 -1.054012701368774 -0.5240137353578816 0.007407412143686573 0.2982004418372587 -0.4825774185660618 -0.3368942698219706 -0.02835404927942419 0.4692523618629574 -0.309888160913281 -0.008353716477562303 -0.02226059862726697 1.082652543870757 -0.7229347534869189 0.7022268676959563 0.01701236255017792 -0.5622313627817858 -1.032625631325921 0.6513937130522082 -0.7551761068418265 0.5646656097741786 -0.3358868928145784 0.7469124270424969 -0.8763659658560246

# name: <cell-element>
# type: matrix
# rows: 1
# columns: 25
 -0.750016517314828 -0.01179126860441529 -1.054012701368774 -0.5240137353578816 0.007407412143686573 0.2982004418372587 -0.4825774185660618 -0.3368942698219706 -0.02835404927942419 0.4692523618629574 -0.309888160913281 -0.008353716477562303 -0.02226059862726697 1.082652543870757 -0.7229347534869189 0.7022268676959563 0.01701236255017792 -0.5622313627817858 -1.032625631325921 0.6513937130522082 -0.7551761068418265 0.5646656097741786 -0.3358868928145784 0.7469124270424969 -0.8763659658560246

# name: <cell-element>
# type: matrix
# rows: 1
# columns: 25
 -0.750016517314828 -0.01179126860441529 -1.054012701368774 -0.5240137353578816 0.007407412143686573 0.2982004418372587 -0.4825774185660618 -0.3368942698219706 -0.02835404927942419 0.4692523618629574 -0.309888160913281 -0.008353716477562303 -0.02226059862726697 1.082652543870757 -0.7229347534869189 0.7022268676959563 0.01701236255017792 -0.5622313627817858 -1.032625631325921 0.6513937130522082 -0.7551761068418265 0.5646656097741786 -0.3358868928145784 0.7469124270424969 -0.8763659658560246

